good a: 107416870455451 output: [2, 4, 1, 5, 7, 5, 1, 6, 4, 2, 5, 5, 0, 3, 3, 0]
good a: 107416870455706 output: [2, 4, 1, 5, 7, 5, 1, 6, 4, 2, 5, 5, 0, 3, 3, 0]
good a: 107416870457089 output: [2, 4, 1, 5, 7, 5, 1, 6, 4, 2, 5, 5, 0, 3, 3, 0]
good a: 107416870457097 output: [2, 4, 1, 5, 7, 5, 1, 6, 4, 2, 5, 5, 0, 3, 3, 0]
good a: 107416871119258 output: [2, 4, 1, 5, 7, 5, 1, 6, 4, 2, 5, 5, 0, 3, 3, 0]
good a: 107416871217562 output: [2, 4, 1, 5, 7, 5, 1, 6, 4, 2, 5, 5, 0, 3, 3, 0]
good a: 108756900251803 output: [2, 4, 1, 5, 7, 5, 1, 6, 4, 2, 5, 5, 0, 3, 3, 0]
good a: 108756900252058 output: [2, 4, 1, 5, 7, 5, 1, 6, 4, 2, 5, 5, 0, 3, 3, 0]
good a: 108756900253441 output: [2, 4, 1, 5, 7, 5, 1, 6, 4, 2, 5, 5, 0, 3, 3, 0]
good a: 108756900253449 output: [2, 4, 1, 5, 7, 5, 1, 6, 4, 2, 5, 5, 0, 3, 3, 0]
good a: 108756900915610 output: [2, 4, 1, 5, 7, 5, 1, 6, 4, 2, 5, 5, 0, 3, 3, 0]
good a: 108756901013914 output: [2, 4, 1, 5, 7, 5, 1, 6, 4, 2, 5, 5, 0, 3, 3, 0]
good a: 112742629902491 output: [2, 4, 1, 5, 7, 5, 1, 6, 4, 2, 5, 5, 0, 3, 3, 0]
good a: 112742629902746 output: [2, 4, 1, 5, 7, 5, 1, 6, 4, 2, 5, 5, 0, 3, 3, 0]
good a: 112742629904129 output: [2, 4, 1, 5, 7, 5, 1, 6, 4, 2, 5, 5, 0, 3, 3, 0]
good a: 112742629904137 output: [2, 4, 1, 5, 7, 5, 1, 6, 4, 2, 5, 5, 0, 3, 3, 0]
good a: 112742630566298 output: [2, 4, 1, 5, 7, 5, 1, 6, 4, 2, 5, 5, 0, 3, 3, 0]
good a: 112742630664602 output: [2, 4, 1, 5, 7, 5, 1, 6, 4, 2, 5, 5, 0, 3, 3, 0]
good a: 113154946762907 output: [2, 4, 1, 5, 7, 5, 1, 6, 4, 2, 5, 5, 0, 3, 3, 0]
good a: 113154946763162 output: [2, 4, 1, 5, 7, 5, 1, 6, 4, 2, 5, 5, 0, 3, 3, 0]
good a: 113154946764545 output: [2, 4, 1, 5, 7, 5, 1, 6, 4, 2, 5, 5, 0, 3, 3, 0]
good a: 113154946764553 output: [2, 4, 1, 5, 7, 5, 1, 6, 4, 2, 5, 5, 0, 3, 3, 0]
good a: 113154947426714 output: [2, 4, 1, 5, 7, 5, 1, 6, 4, 2, 5, 5, 0, 3, 3, 0]
good a: 113154947525018 output: [2, 4, 1, 5, 7, 5, 1, 6, 4, 2, 5, 5, 0, 3, 3, 0]
good a: 130334815946907 output: [2, 4, 1, 5, 7, 5, 1, 6, 4, 2, 5, 5, 0, 3, 3, 0]
good a: 130334815947162 output: [2, 4, 1, 5, 7, 5, 1, 6, 4, 2, 5, 5, 0, 3, 3, 0]
good a: 130334815948545 output: [2, 4, 1, 5, 7, 5, 1, 6, 4, 2, 5, 5, 0, 3, 3, 0]
good a: 130334815948553 output: [2, 4, 1, 5, 7, 5, 1, 6, 4, 2, 5, 5, 0, 3, 3, 0]
good a: 130334816610714 output: [2, 4, 1, 5, 7, 5, 1, 6, 4, 2, 5, 5, 0, 3, 3, 0]
good a: 130334816709018 output: [2, 4, 1, 5, 7, 5, 1, 6, 4, 2, 5, 5, 0, 3, 3, 0]
good a: 130747132807323 output: [2, 4, 1, 5, 7, 5, 1, 6, 4, 2, 5, 5, 0, 3, 3, 0]
good a: 130747132807578 output: [2, 4, 1, 5, 7, 5, 1, 6, 4, 2, 5, 5, 0, 3, 3, 0]
good a: 130747132808961 output: [2, 4, 1, 5, 7, 5, 1, 6, 4, 2, 5, 5, 0, 3, 3, 0]
good a: 130747132808969 output: [2, 4, 1, 5, 7, 5, 1, 6, 4, 2, 5, 5, 0, 3, 3, 0]
good a: 130747133471130 output: [2, 4, 1, 5, 7, 5, 1, 6, 4, 2, 5, 5, 0, 3, 3, 0]
good a: 130747133569434 output: [2, 4, 1, 5, 7, 5, 1, 6, 4, 2, 5, 5, 0, 3, 3, 0]
good a: 139543225829531 output: [2, 4, 1, 5, 7, 5, 1, 6, 4, 2, 5, 5, 0, 3, 3, 0]
good a: 139543225829786 output: [2, 4, 1, 5, 7, 5, 1, 6, 4, 2, 5, 5, 0, 3, 3, 0]
good a: 139543225831169 output: [2, 4, 1, 5, 7, 5, 1, 6, 4, 2, 5, 5, 0, 3, 3, 0]
good a: 139543225831177 output: [2, 4, 1, 5, 7, 5, 1, 6, 4, 2, 5, 5, 0, 3, 3, 0]
good a: 139543226493338 output: [2, 4, 1, 5, 7, 5, 1, 6, 4, 2, 5, 5, 0, 3, 3, 0]
good a: 139543226591642 output: [2, 4, 1, 5, 7, 5, 1, 6, 4, 2, 5, 5, 0, 3, 3, 0]