[1, 116, 114, 161, 162, 72, 1, 141, 114, 161, 74, 161, 1, 116, 1, 135, 74, 72, 1, 116, 136, 135, 1, 72, 1]
[1, 112, 106, 139, 154, 68, 1, 137, 106, 139, 74, 153, 1, 112, 1, 127, 74, 68, 1, 112, 128, 127, 1, 68, 1]
[1, 112, 106, 139, 154, 68, 1, 137, 106, 139, 74, 153, 1, 112, 1, 127, 74, 68, 1, 112, 128, 127, 1, 68, 1]
[1, 112, 102, 135, 154, 68, 1, 111, 102, 135, 74, 153, 1, 112, 1, 117, 74, 68, 1, 112, 128, 117, 1, 68, 1]
[1, 108, 102, 135, 150, 68, 1, 111, 102, 135, 74, 135, 1, 108, 1, 117, 74, 68, 1, 108, 124, 117, 1, 68, 1]

[1, 108, 102, 135, 150, 68, 1, 111, 102, 149, 74, 135, 1, 108, 1, 117, 74, 68, 1, 108, 124, 123, 1, 68, 1]
# a bit higher, but actually this avoids dead space and the other one doesn't




